0 polaris 02 31 49.09456 +89 15 50.7923
1 alpheratz 00 08 23.25988 +29 05 25.5520
2 ankaa 00 26 17.05140 -42 18 21.5539
3 schedar 00 40 30.4430418459 +56 32 14.385181354
4 diphda 00 43 35.37090 -17 59 11.7827
5 achernar 01 37 42.84548 -57 14 12.3101
6 hamal 02 07 10.40570 +23 27 44.7032
7 acamar 02 58 15.6752536 -40 18 16.852418
8 menkar 03 02 16.77307 +04 05 23.0596
9 mirfak 03 24 19.3700924 +49 51 40.245455
10 aldebaran 04 35 55.23907 +16 30 33.4885
11 rigel 05 14 32.27210 -08 12 05.8981
12 capella 05 16 41.35871 +45 59 52.7693
13 bellatrix 05 25 07.86325 +06 20 58.9318
14 elnath 05 26 17.51312 +28 36 26.8262
15 alnilam 05 36 12.81335 -01 12 06.9089
16 betelgeuse 05 55 10.30536 +07 24 25.4304
17 canopus 06 23 57.10988 -52 41 44.3810
18 sirius 06 45 08.91728 -16 42 58.0171
19 adhara 06 58 37.54876 -28 58 19.5102
20 procyon 07 39 18.11950 +05 13 29.9552
21 pollux 07 45 18.94987 +28 01 34.3160
22 avior 08 22 30.83526 -59 30 34.1431
23 suhail 09 07 59.75787 -43 25 57.3273
24 miaplacidus 09 13 11.97746 -69 43 01.9473
25 alphard 09 27 35.24270 -08 39 30.9583
26 regulus 10 08 22.31099 +11 58 01.9516
27 dubhe 11 03 43.67152 +61 45 03.7249
28 denebola 11 49 03.57834 +14 34 19.4090
29 gienah 12 15 48.37081 -17 32 30.9496
30 acrux 12 26 35.89522 -63 05 56.7343
31 gacrux 12 31 09.95961 -57 06 47.5684
32 alioth 12 54 01.7495922 +55 57 35.362645
33 spica 13 25 11.57937 -11 09 40.7501
34 alkaid 13 47 32.43776 +49 18 47.7602
35 hadar 14 03 49.40535 -60 22 22.9266
36 menkent 14 06 40.94752 -36 22 11.8371
37 rigil-kentaurus 14 39 36.49400 -60 50 02.3737
38 arcturus 14 15 39.67207 +19 10 56.6730
39 zubenelgenubi 14 50 52.71309 -16 02 30.3955
40 kochab 14 50 42.32580 +74 09 19.8142
41 alphecca 15 34 41.2684881676 +26 42 52.866000089
42 antares 16 29 24.45970 -26 25 55.2094
43 atria 16 48 39.89508 -69 01 39.7626
44 sabik 17 10 22.68689 -15 43 29.6639
45 shaula 17 33 36.52012 -37 06 13.7648
46 rasalhague 17 34 56.06945 +12 33 36.1346
47 eltanin 17 56 36.36988 +51 29 20.0242
48 kaus-australis 18 24 10.31840 -34 23 04.6193
49 vega 18 36 56.33635 +38 47 01.2802
50 nunki 18 55 15.92650 -26 17 48.2068
51 altair 19 50 46.99855 +08 52 05.9563
52 peacock 20 25 38.85705 -56 44 06.3230
53 deneb 20 41 25.91514 +45 16 49.2197
54 enif 21 44 11.1561394 +09 52 30.031152
55 alnair 22 08 13.98473 -46 57 39.5078
56 fomalhaut 22 57 39.04625 -29 37 20.0533
57 markab 23 04 45.65345 +15 12 18.9617
